0.12215402 0.01623072
0.14951637 0.02160352
0.13889509 0.02340354
0.11940104 0.02023243
0.09713542 0.01918692
0.07940848 0.01855633
0.06450893 0.01634204
0.05193452 0.01494760
0.04047619 0.01288315
0.03065476 0.01152027
0.02401414 0.01011950
0.01960565 0.00939393
0.01445313 0.00801001
0.01132812 0.00761950
0.00837054 0.00580096
0.00654762 0.00543039
0.00491071 0.00454926
0.00392485 0.00442154
0.00292039 0.00447619
0.00247396 0.00396466
0.00191592 0.00327248
0.00169271 0.00337278
0.00113467 0.00266455
0.00091146 0.00274971
0.00055804 0.00194775
0.00031622 0.00115306
0.00018601 0.00087466
0.00016741 0.00093366
0.00018601 0.00124821
0.00007440 0.00053338
0.00001860 0.00019005
0.00005580 0.00042234
0.00007440 0.00075948
0.00001860 0.00018987
0.00003720 0.00037974
0.00001860 0.00018987
