0.04921875 0.01002290
0.09155506 0.01751268
0.11326265 0.02129315
0.11636905 0.02076692
0.11365327 0.02244149
0.10260417 0.01995496
0.08852307 0.01922364
0.07507440 0.01769236
0.06011905 0.01727499
0.04960937 0.01662497
0.03664435 0.01457947
0.02777158 0.01236446
0.02165179 0.01173787
0.01430432 0.00907850
0.01173735 0.00975997
0.00732887 0.00618689
0.00660342 0.00743422
0.00472470 0.00603686
0.00301339 0.00476902
0.00212054 0.00408179
0.00163690 0.00355344
0.00094866 0.00257114
0.00048363 0.00150269
0.00033482 0.00165766
0.00026042 0.00137290
0.00014881 0.00095807
0.00009301 0.00056227
0.00011161 0.00080007
0.00003720 0.00026617
0.00003720 0.00037974
0.00001860 0.00018987
