0.05777530 0.00995453
0.09008557 0.01781997
0.09640997 0.01751148
0.09239211 0.02028504
0.08379836 0.01838294
0.08007812 0.01503155
0.07421875 0.01607168
0.06110491 0.01363349
0.05479911 0.01254952
0.04650298 0.01167515
0.04032738 0.01045838
0.03521205 0.01064773
0.02832961 0.01016724
0.02425595 0.01209089
0.02183780 0.00869162
0.01915923 0.00987059
0.01558780 0.00801633
0.01465774 0.00933989
0.01287202 0.00772608
0.01060268 0.00836946
0.00889137 0.00768460
0.00771949 0.00778607
0.00546875 0.00623778
0.00507813 0.00713832
0.00399926 0.00552016
0.00318080 0.00502539
0.00210193 0.00430553
0.00158110 0.00319436
0.00070685 0.00193660
0.00050223 0.00154740
0.00018601 0.00078188
0.00011161 0.00070421
0.00007440 0.00046071
0.00013021 0.00061605
0.00005580 0.00032405
0.00011161 0.00070242
0.00003720 0.00037974
0.00000000 0.00000000
0.00001860 0.00018987
0.00001860 0.00018987
0.00001860 0.00018987
