0.08963914 0.01188942
0.12341890 0.02181660
0.12088914 0.02394061
0.11465774 0.02430855
0.09897693 0.02068678
0.08320313 0.01711633
0.06374628 0.01556178
0.05491071 0.01401975
0.04538690 0.01413753
0.03802083 0.01210691
0.03119420 0.01268507
0.02505580 0.01047056
0.02250744 0.01053217
0.01679687 0.00884978
0.01382068 0.00903882
0.01160714 0.00763118
0.00946801 0.00824550
0.00757068 0.00801502
0.00597098 0.00660578
0.00455729 0.00590096
0.00332961 0.00462768
0.00305060 0.00469066
0.00252976 0.00461974
0.00191592 0.00386833
0.00132068 0.00291079
0.00135789 0.00317165
0.00115327 0.00309641
0.00079985 0.00259697
0.00065104 0.00198109
0.00035342 0.00113101
0.00031622 0.00152191
0.00040923 0.00211147
0.00033482 0.00185369
0.00029762 0.00188223
0.00024182 0.00163350
0.00024182 0.00141707
0.00003720 0.00037974
0.00001860 0.00018987
0.00001860 0.00018987
0.00007440 0.00075948
0.00003720 0.00037974
0.00001860 0.00018987
0.00005580 0.00056961
0.00001860 0.00018987
0.00001860 0.00018987
