0.22507440 0.02428681
0.21990327 0.02771243
0.16988467 0.02255380
0.12392113 0.02111235
0.08569568 0.01673732
0.05870536 0.01521305
0.03671875 0.01100330
0.02624628 0.01062520
0.01843378 0.01003944
0.01300223 0.00849116
0.00874256 0.00712028
0.00530134 0.00546898
0.00310640 0.00428846
0.00187872 0.00333842
0.00120908 0.00253184
0.00076265 0.00239966
0.00040923 0.00176020
0.00046503 0.00193290
0.00009301 0.00049450
0.00014881 0.00083803
0.00018601 0.00190055
0.00003720 0.00038011
0.00005580 0.00042234
0.00000000 0.00000000
0.00000000 0.00000000
0.00000000 0.00000000
0.00001860 0.00018987
