0.02148438 0.00656776
0.04146205 0.01000040
0.05318080 0.01381402
0.06478795 0.01391508
0.06947545 0.01742694
0.06609003 0.01827207
0.06612723 0.01552002
0.06263021 0.01614743
0.05931920 0.01726071
0.05664062 0.01400584
0.05505952 0.01464367
0.05039063 0.01399641
0.04415923 0.01433073
0.04045759 0.01304786
0.03623512 0.01039859
0.03275670 0.01165050
0.02686012 0.01044013
0.02392113 0.01093435
0.02008929 0.01002405
0.01757812 0.00985536
0.01484375 0.00928663
0.01190476 0.00855441
0.01050967 0.00799526
0.00803571 0.00784209
0.00758929 0.00740423
0.00546875 0.00641748
0.00492932 0.00611122
0.00412946 0.00535101
0.00405506 0.00632708
0.00256696 0.00485505
0.00239955 0.00446086
0.00215774 0.00409802
0.00199033 0.00392481
0.00187872 0.00438345
0.00154390 0.00352828
0.00100446 0.00288063
0.00083705 0.00272008
0.00098586 0.00314843
0.00078125 0.00293719
0.00059524 0.00215234
0.00063244 0.00280685
0.00048363 0.00208285
0.00040923 0.00221325
0.00018601 0.00102542
0.00024182 0.00178377
0.00016741 0.00121006
0.00018601 0.00122133
0.00016741 0.00171049
0.00026042 0.00266077
0.00009301 0.00078076
0.00014881 0.00134098
0.00003720 0.00037974
0.00001860 0.00018987
0.00000000 0.00000000
0.00000000 0.00000000
0.00001860 0.00018987
0.00001860 0.00018987
0.00001860 0.00018987
