0.04802827 0.00889565
0.07704613 0.01698809
0.08636533 0.01930074
0.08549107 0.01907378
0.07998512 0.01696302
0.07416295 0.01940021
0.06915923 0.01685307
0.06104911 0.01533600
0.05606399 0.01479277
0.05066964 0.01285560
0.04441964 0.01309084
0.03803943 0.01177214
0.03279390 0.01027694
0.02959449 0.01006447
0.02479539 0.00955345
0.02226563 0.00920331
0.01910342 0.00971660
0.01599702 0.00959166
0.01409970 0.01000305
0.01088170 0.00897431
0.00963542 0.00848009
0.00822173 0.00855514
0.00749628 0.00791569
0.00649182 0.00738529
0.00496652 0.00633481
0.00457589 0.00658353
0.00364583 0.00547804
0.00292039 0.00508248
0.00219494 0.00433101
0.00206473 0.00416817
0.00120908 0.00283269
0.00104167 0.00282896
0.00096726 0.00285324
0.00078125 0.00270253
0.00074405 0.00227916
0.00050223 0.00213174
0.00074405 0.00320256
0.00035342 0.00168602
0.00040923 0.00176182
0.00039063 0.00169449
0.00016741 0.00076045
0.00022321 0.00111355
0.00009301 0.00049273
0.00003720 0.00026617
0.00003720 0.00037974
0.00005580 0.00032308
0.00001860 0.00018987
