0.03173363 0.00774072
0.05771949 0.01306827
0.07552083 0.01308141
0.08361235 0.01720715
0.08824405 0.01830748
0.08301711 0.02169187
0.07760417 0.01798097
0.07129836 0.01802550
0.06419271 0.01616287
0.05723586 0.01387989
0.04949777 0.01305099
0.04306176 0.01298775
0.03779762 0.01118049
0.03193824 0.01018474
0.02520461 0.01038638
0.02146577 0.00962373
0.01845238 0.01043380
0.01514137 0.00872952
0.01201637 0.00864083
0.01039807 0.00798660
0.00887277 0.00770389
0.00678943 0.00631780
0.00610119 0.00610281
0.00487351 0.00589759
0.00385045 0.00537251
0.00299479 0.00527334
0.00249256 0.00434623
0.00212054 0.00452501
0.00171131 0.00367094
0.00096726 0.00293124
0.00074405 0.00206949
0.00076265 0.00224160
0.00048363 0.00177155
0.00046503 0.00220911
0.00027902 0.00133868
0.00022321 0.00105517
0.00026042 0.00148053
0.00016741 0.00105029
0.00013021 0.00132910
0.00009301 0.00094935
0.00003720 0.00037974
0.00003720 0.00037974
0.00001860 0.00018987
0.00003720 0.00037974
0.00009301 0.00094935
0.00007440 0.00075948
0.00003720 0.00037974
0.00005580 0.00056961
0.00001860 0.00018987
0.00003720 0.00037974
0.00000000 0.00000000
0.00000000 0.00000000
0.00000000 0.00000000
0.00001860 0.00018987
